 single  point
 dd                  6.098283        1.000000        0.000000    
 fc                  195.4883        1.000000        0.000000    
 beta                2.614342        1.000000        0.000000    
 c                  6.7958295E-02    1.000000        0.000000    
 k0                 0.1628410        1.000000        0.000000    
 l0                  4.866838        1.000000        0.000000    
 k1                 2.9176570E-02    1.000000        0.000000    
 k2                 4.8817378E-02    1.000000        0.000000    
 kp                 4.9775064E-02    1.000000        0.000000    
 pwp                 105.9711        1.000000        0.000000    
