4.5
11
6.6
5
4.1
3.5
3.2
3.2
5
7.9
11.9
10.4
10.4
8.5
6.8
6.1
7.6
9.5
10.3
9.2
7.3
6.1
5.2
4.5
4.1
3.9
3.7
3.7
3.5
4.5
16.9
14.8
13.1
12.5
11.7
10.4
12
14.4
14.8
15.5
11.5
13
15.9
14
11.1
8.9
7.8
7
6.1
5.6
5.4
5
4.8
4.5
4.3
3.9
3.9
3.6
3.6
6.1
5.6
4.8
4.8
4.1
3.9
3.6
3.4
3
3
3
2.8
2.6
2.6
2.6
2.4
2.4
2.4
3.4
3.2
3
3.4
3.4
12
2.6
2.4
2.6
2.4
2.2
2.2
3
3
2.6
2.8
2.4
2.4
2
2
2
3
2.4
2.6
2.2
2
1.9
3.4
3.2
2.6
3
2.8
2.4
2.4
2.4
2.4
8.9
7.5
5.9
5.9
4.8
5.6
4.5
4.1
4.1
4.5
4.1
3.6
5.2
5
5
4.5
4.3
4.3
4.1
3.6
3.2
4.5
7.3
5.4
4.3
3.6
3.4
3.4
3.2
3.2
4.1
3
3
4.3
5
10.4
9.8
5.9
7.8
11.1
6.8
5.6
5.2
4.5
4.3
4.5
6.1
11.3
10.7
8.1
9.5
10.7
7.3
5.6
5
4.1
3.6
3.6
3.4
3.2
3.2
3
3.6
5.2
3.6
4.1
3.2
2.8
2.4
2.2
2.2
2.4
2.4
2.2
2
2
2.4
2.4
2.2
3.4
7.5
4.8
6.1
3.4
3.9
3.9
3.4
3.9
2.8
2.4
2.4
2.4
2.2
2.2
2
2.4
4.3
2.8
2.2
2
2.8
2.4
1.9
1.9
1.7
2.8
2.6
3
3.2
7
3.9
3
2.6
2.2
2.4
5.6
7
4.1
3
2.6
2.2
2.4
2.2
2
1.9
1.7
1.6
1.6
1.4
1.4
1.6
1.6
1.4
1.4
1.9
2.2
1.9
1.7
1.6
1.6
1.4
1.2
1.4
1.6
2.2
1.7
1.3
1.4
1.4
1.4
1.4
1.4
1.4
1.3
1.3
1.3
1.3
1.3
1.3
1.3
1.6
1.6
1.4
1.3
1.4
1.4
1.6
2
1.4
1.3
1.2
1.2
1.2
1.2
1.1
1.1
1.2
2.6
2
1.7
1.4
1.2
1.3
1.3
1.2
1.4
1.6
1.6
1.3
1.3
1.4
1.2
1.2
1.2
1.4
1.4
1.6
1.7
1.7
2.2
6.3
3.6
2.6
2.6
2.6
2.2
1.9
1.6
1.6
1.3
1.4
1.4
1.2
1.2
1.3
1.3
1.2
1.3
1.3
1.3
1.2
1.3
2.4
3.6
4.8
5
4.8
3.9
2.8
2.4
3.2
6.1
17.6
13.7
11.4
9.8
6.8
5.2
3.9
3.2
2.8
2.4
2.4
2.2
1.7
1.7
1.7
1.9
1.7
1.6
1.4
1.7
3.9
2.4
1.9
1.7
1.6
1.6
1.6
1.6
1.6
2
6.4
7
11.9
9.3
8.7
8.6
6.8
5.9
6.3
7.8
7.5
7.3
6.5
5.6
8.4
12.1
20.1
16.5
9.8
7
5.6
4.8
4.5
4.1
3.6
5.9
9.2
6.3
6.1
5.9
4.8
4.5
4.1
8.6
9.8
7.3
6.3
14.4
11.4
8.9
7.5
6.5
5.9
5
4.5
4.3
4.1
3.9
3.6
3.4
3.4
3.2
14
19.1
18
10.7
8.4
8.1
12
21.5
18.4
12.7
8.9
7.5
6.5
5.9
5
4.8
4.8
4.3
4.1
3.9
3.6
3.4
3.4
3.6
4.1
7.5
12.3
15.5
15.7
13.7
10.4
9.2
11.4
12.3
18.4
18.4
18.8
13
9.2
7.5
7.8
7.3
7.8
9.8
7.5
6.5
5.6
5.2
4.8
4.8
4.1
3.6
3.6
3.4
3.2
3
2.6
3
3
2.8
2.6
2.6
2.4
2.4
2.6
2.2
2
2.2
2.2
2
2.2
3
4.1
5
3.4
5.2
4.3
4.8
4.1
3.2
3
2.6
3
4.1
3.6
3.9
3
2.6
2.2
9.5
12.7
6.8
5
4.3
3.6
3
2.8
2.6
2.4
2.4
2
1.9
2
2.2
9.2
5
4.8
4.1
3.2
2.6
2.2
2.2
1.9
1.7
1.7
1.7
1.9
2.3
1.3
0.5
1.2
2
2.8
2.2
2
2
2
2
2.2
2.2
1.8
1.7
1.7
2
2
3
2.4
2
2
1.8
2
1.8
1.7
1.7
1.7
1.5
1.5
1.5
1.7
1.7
1.1
1.2
1.8
1.5
1.5
1.2
2.8
2
1.7
1.7
1.3
1.3
1.3
1.5
1.8
1.5
1.7
1.7
1.3
1.3
2
1.5
1.5
1.5
2
1.7
1.7
1.7
1.5
1.5
1.3
1.3
1.2
1.3
1.3
1.5
1.5
2.6
2
1.5
1.5
1.5
1.3
1.3
1.2
1.2
1.8
2.2
1.7
1.7
1.5
1.3
1.3
1.3
1.2
1.1
1.1
1
0.9
1.1
1
0.9
0.9
1.2
0.7
0.8
0.8
0.7
0.8
0.9
0.9
0.9
0.9
0.9
0.8
0.8
0.8
0.8
0.8
0.8
0.7
0.8
0.8
0.8
0.8
1.1
1
0.9
1
1
1
1
1
1
1
1
0.9
1
1
1
1
1
0.8
0.9
1.1
1.2
0.9
1.1
1
0.9
0.9
0.7
0.9
0.8
0.9
0.8
0.8
0.8
1
1
0.9
0.9
0.8
0.8
0.9
0.8
0.9
0.8
0.9
0.8
0.9
1.3
1.3
1.1
1.2
1.2
1.1
10.1
5.7
3.2
2.2
1.8
2
6.6
4.1
2.4
1.8
1.5
1.3
1.5
1.5
1.3
1.1
1.1
1.1
1.2
1.2
1.1
1.2
1.3
1.1
1
1
1
0.8
0.9
0.9
0.9
0.9
0.9
0.9
0.9
0.9
0.9
0.9
0.9
0.9
0.9
0.9
0.9
0.8
0.8
0.7
0.7
0.7
0.6
0.6
0.6
0.6
0.5
0.4
0.4
0.4
0.4
0.4
0.4
0.4
0.4
0.4
0.5
0.5
0.5
0.5
0.5
0.6
0.6
0.6
0.6
0.6
0.6
0.6
0.6
0.6
0.6
0.6
0.7
0.8
0.9
1
1.8
5.4
6.9
7.9
9.7
11.7
15.8
14.3
11.9
9.2
6.2
2.5
3.3
9.5
7.3
5.9
4.8
4.1
4.5
6.8
5.9
5
5.7
6.6
8.8
11.3
10.1
7.3
5.9
5.2
4.5
4.3
3.9
3.9
8.2
9.5
7.6
6.1
5
4.3
3.7
3.7
3.2
2.8
2.4
2.4
2.4
3.5
3.2
2.8
2.4
2.2
2
2.2
2.4
2
2.2
1.8
1.7
1.5
1.5
1.5
1.8
2
1.7
1.5
1.5
1.5
2
3
3.7
3.2
3
2.8
2.2
2
1.7
1.8
1.7
1.5
1.5
1.8
2.4
3.9
2.2
1.7
1.5
1.2
1.2
1.5
1.2
3
7.6
4.1
2.4
2.6
2.4
2
2.8
2.6
3.2
2.6
2.4
2.8
2
2
2
7.6
8.5
5.2
4.1
2.8
4.1
3
2.4
2.6
2.4
2.6
2.8
2.6
2
1.8
4.5
3.9
2.4
2
1.8
1.5
1.5
1.5
1.3
1.5
1.5
1.5
1.3
1.2
1.2
1.7
1.5
2.6
18.8
5.4
3.2
2.2
1.8
1.7
1.3
1.3
1.2
3
2
2
7.9
11
6.8
4.3
3.2
16.2
15
7.9
7.6
7
5.2
5.9
14
8.8
6.6
5.9
6.6
16.5
10.1
6.4
6.1
7
5.7
4.5
3.9
3.2
3.2
3
2.8
3.2
3.9
5.4
4.1
3.7
3.2
2.6
2.4
2.2
2
1.8
1.8
2
2
1.8
1.8
2.4
3.2
2.4
2.4
2.8
2.6
2.2
2.2
2
1.8
1.8
1.8
2.4
2
1.8
1.8
13.6
16.2
7.3
5.4
4.3
3.7
3.2
2.8
2.8
2.4
2.2
2.2
2
2
2
1.8
1.7
1.7
1.7
1.7
1.5
1.5
1.5
1.5
1.3
1.3
1.3
3.2
5.9
3.7
2.8
2.6
3.2
2.8
2.6
4.1
5.9
6.6
11.7
8.2
14.2
12.3
9.2
7.9
17.1
21.4
14
10.4
8.5
7.3
6.6
5.9
5.2
4.8
4.5
4.1
3.9
3.9
3.7
3.5
3.2
3
2.8
2.8
2.8
2.8
2.6
2.6
2.4
2.2
1.8
1.7
1.5
1.3
1.3
2
2
2
2
1.8
1.5
1.5
1.5
1.3
1.5
1.5
1.3
1.5
1.5
1.2
1.2
1.2
1.3
1.3
1.2
1.3
1.2
1.3
1.2
1.3
1.5
1.3
1.1
1.1
1
1
1.1
1.1
1
1.1
1
1.1
1.1
1.1
1.1
1
1.3
1.7
15.8
5.2
4.1
3
1.7
1.5
1.3
1.3
1.5
1.7
1.7
2
1.7
1.3
1.5
5.9
5
3.5
2.6
1.8
1.7
2.2
5.4
6.6
4.8
5
10.1
6.8
5.2
4.8
4.3
3.9
3.5
2.8
2.6
2.4
2.2
2.2
2.6
3.2
3.2
3.7
5
5.4
4.3
3.9
4.5
17.2
15.8
11.3
11.6
11.6
9.2
21.6
25.6
21.2
18
16.2
15.8
13.6
11.6
9.5
7.9
8.5
8.2
7.3
6.6
5.9
5.2
5
4.5
4.1
4.8
4.1
3.7
3.5
3
2.6
3
2.8
2.6
2.6
6.1
9.8
5.9
4.5
3.9
4.1
3.5
3.2
2.8
2.8
3.9
18
10.7
6.8
7
15.8
8.8
6.6
5.4
4.8
4.5
4.3
3.7
3.2
3
3
10.1
8.8
5.2
4.1
3.5
3
3.7
3
3.5
3.2
2.6
2.4
2.4
3.7
3.7
2.8
2.4
2.6
2.4
2.4
2.2
2
1.8
1.8
1.7
1.7
3
2
1.8
1.7
1.8
1.7
1.7
1.7
1.7
1.7
1.5
1.8
2.2
1.5
1.5
1.7
1.5
1.5
1.3
1.5
1.5
1.3
1.5
1.3
1.3
1.5
1.3
1.3
1.2
1.3
1.2
1.2
1.2
1.2
1.2
1.7
1.3
2
1.3
1.2
1.1
1.1
1
1.5
1.5
1
1
1
1
1
1.1
1
0.9
1.1
2
1.1
2
1.2
2.2
1.2
1
1
0.9
0.9
2.2
1.8
1.2
1
1
1.1
1
1.1
0.9
0.9
1
1.5
2.4
1.2
1.1
1
1
0.9
0.9
1
1.8
1.1
1
1
1
1
0.9
0.9
0.9
1
1.7
1.1
1
1
1.3
1.2
1
1
1
0.9
1.2
1.3
1.1
1
1
1
1
0.9
0.9
1
1
2.4
1.7
1.5
1.3
1.1
1.2
1
1
1.1
1.5
1.3
1.3
1.2
1.1
1
1
1.5
1.2
1.1
1
1
1
0.9
0.9
0.9
0.9
1.1
1
1
1
1
0.9
0.9
0.9
0.9
0.9
1
1
1.5
2.4
15
22
12.6
7.9
5.4
4.1
3.2
2.8
2.4
2
1.8
2
2.8
3
2.8
2.6
2.2
2.2
2
2.4
3.9
6.4
5.4
4.3
3.7
3.2
3
5
7.9
5.4
4.5
4.8
4.8
4.1
3.7
3.2
2.8
2.6
2.4
2.2
2
1.8
1.8
1.3
1.8
1.9
2
7
10.1
6.1
4.8
4.3
3.9
4.1
5.2
4.5
4.1
3.6
3.2
3
2.6
2.4
2.2
1.9
1.9
2
1.9
2.2
2.4
2.2
2.2
1.9
1.9
2.4
4.1
18.1
23.7
11.6
8.2
6.6
5.7
5.2
4.5
4.5
4.1
3.2
3.5
3.2
3
3
2.8
2.8
2.6
2.4
2.4
2.4
2.2
2
2
2.2
2
1.8
2.2
2
2
2
1.7
1.5
1.8
2
1.8
1.8
1.8
1.8
1.8
2
2.2
2.6
5.9
12.9
22
23.1
22
21.6
25.4
31.3
26.5
22.6
18.6
19.2
18
16.2
12.6
10.7
8.8
7.3
7
6.1
5.4
5.2
5
4.8
4.8
4.5
4.3
4.5
4.5
4.5
4.1
3.9
5.7
10.4
8.2
9.8
7.6
12.9
17.2
14.7
11
9.8
11
17.6
15.4
11
9.8
7.6
6.6
6.1
6.4
10.4
18
11
9.2
7.6
7.6
6.4
5.7
5
4.8
4.3
4.8
4.3
5.2
35.9
26.6
12.9
9.5
7.9
7.9
6.6
6.1
6.6
23.7
30.3
23.8
18.8
15
11.6
9.5
9.2
10.4
8.5
9.8
15.4
12.3
23.3
21.2
11.9
9.2
8.5
7.3
6.8
11.9
11.6
7.6
6.8
6.8
7
5.7
5
4.5
4.3
4.1
3.7
3.5
3.2
3.5
5.7
3.7
3.2
3.2
3
2.8
5
4.3
3.7
3.2
2.8
2.6
2.4
3
13.6
6.6
4.5
5.9
11.6
8.5
5.7
5.7
4.8
3.9
3.2
3
2.6
2.4
2.4
2.8
2.6
2.4
2.4
2.2
2
2
2
4.3
2.4
2.2
2
1.8
1.7
1.7
1.8
2
1.5
2.6
2.2
2.6
2.2
5.7
6.4
5.9
5.2
3.7
3
2.6
2.4
2.2
2.2
2.2
3.5
3.5
2.6
2.2
2.4
3
2.8
3.5
14.3
11.6
6.8
5.9
14.3
10.4
6.6
5.2
5.2
4.5
3.7
3.5
3
2.8
2.6
2.6
2.4
2.4
2.8
2.6
2.8
2.4
2.4
2.4
2.2
2
2
1.8
1.8
1.8
1.8
1.7
1.7
1.7
1.5
1.5
1.8
2
2.6
2.2
2.6
1.5
1.5
1.3
1.3
1.5
1.5
1.5
1.5
1.7
1.7
1.5
1.5
1.7
1.7
2
1.7
1.5
1.7
5.4
3.5
3
9.5
6.6
5
4.3
3.9
3.2
3
3
8.8
9.5
25.1
13.6
9.5
7
6.4
7.6
30.2
31.4
14.7
32.6
13.6
10.1
19.6
17.2
22.9
17.1
15.8
13.3
10.4
20.8
20
12.9
19.7
23.1
18.4
13.3
11.9
18
12.3
10.1
10.1
9.5
8.2
9.8
15.8
19.2
12.9
12.9
9.8
8.5
10.1
20.4
25.1
23.7
15.8
11.3
9.2
7.6
7
6.6
5.9
5.7
5.4
5.2
4.8
4.8
4.1
4.3
4.1
3.9
3.9
3.9
4.5
27.6
17.6
10.1
8.2
8.5
11
9.5
9.2
9.8
10.7
9.5
10.4
11
8.8
8.5
13.3
12.9
18.6
22.9
16.5
13.3
11.3
11.3
9.8
8.5
7.9
7.3
6.8
6.4
5.9
5.9
5.4
5
4.8
4.8
4.8
4.3
4.5
4.5
4.3
4.3
4.5
4.5
4.3
4.3
4.3
4.1
4.1
4.3
4.8
4.5
4.5
4.8
5.2
5.9
7.6
7.3
6.4
5.7
5.2
5
5
4.8
9.5
14
17.6
11.9
11.6
15.8
13.6
10.4
9.8
7.6
6.8
6.8
6.8
7.6
6.8
6.6
6.8
5.9
5.4
5.4
5.7
5.7
5.4
8.8
8.5
14
9.2
7.3
6.4
7.3
7.9
6.8
6.1
5.7
5
4.3
3.9
3.9
3.9
3.9
8.2
7
5.9
6.1
5.4
4.3
3.9
3.7
3.5
3
3
3
3.2
3.2
3
3.7
3.2
3.5
3.2
3
3
3.9
3.7
3
2.6
2.6
1.8
2.4
2.4
2.2
2.2
4.1
3.2
3
2.8
2.6
2.6
3.9
2.8
3
3.5
8.8
3.7
9.2
7
5.7
4.8
3.7
3.2
2.8
2.8
2.8
3.2
6.1
4.8
3.7
3.2
2.8
2.6
2.6
2.6
4.3
3.2
3
2.8
2.6
2.8
2.8
2.6
2.4
2.2
2
2.8
11
8.8
8.5
7
6.6
6.4
4.8
4.1
3.5
3
2.8
2.6
2.6
2.2
2.2
2.8
3.9
19.2
9.2
6.1
4.8
5
4.1
3.5
3.2
2.8
2.6
2.4
2.6
3.5
2.8
2.6
3.7
16.5
15.4
13.3
10.1
6.8
5.4
4.8
4.3
4.1
3.7
3.7
3.2
3
3
3
5.2
4.1
2.6
2.6
2.2
2.2
2
2
2.2
3
2.4
2.2
2.4
2.4
2
2
2
2
2
1.8
1.8
1.8
1.7
1.8
1.8
1.8
1.8
1.8
2
1.8
1.8
1.8
1.7
1.7
1.8
1.8
1.8
1.8
1.8
2
1.8
1.8
1.7
1.8
1.8
1.8
1.8
3
2.4
1.8
1.8
2
1.8
3.9
2.4
2
2.4
2.4
1.8
1.8
1.7
1.7
2
3
3.7
3
2.8
2.4
2.2
2.2
2
1.8
1.8
2.8
3.9
3.5
3.2
3.2
2.8
2.6
2.6
2.4
2.2
2.2
1.8
2
4.5
4.1
9.2
11.6
8.5
5.9
4.8
4.1
3.7
3.5
3.2
10.1
21
25.1
24.6
13.3
9.8
7.6
6.1
5.9
8.2
9.5
11.9
7.9
7
18.6
22.3
17.2
11.3
9.8
8.8
17.7
20.4
18
17.6
11.9
9.5
8.5
7.3
6.6
5.7
5.4
4.5
4.5
4.5
4.3
4.1
4.8
5.2
5
4.5
4.1
3.9
3.9
6.1
6.8
6.1
10.1
14.3
27.7
23.7
14
10.7
8.8
7.6
7
6.6
6.1
5.7
5
4.8
4.5
4.3
3.9
3.9
3.7
3.5
3
3
3
3
3
3
6.6
8.8
9.5
6.8
7.3
6.8
6.4
5.9
5.9
13.6
10.4
7.9
6.6
5.7
5.4
5
4.8
4.5
4.5
5.9
11
10.1
9.5
10.1
11.6
11.3
12.3
12.3
11.3
18.8
15
10.4
9.8
7.6
6.6
8.5
10.7
10.4
11
8.5
7
6.4
5.9
7.3
8.5
9.8
11
10.7
8.2
6.8
6.1
5.4
5
4.5
4.5
4.1
3.9
3.9
3.7
3.5
3.5
3.9
3.7
5.4
4.1
3.7
3.5
3.2
3
2.8
2.8
2.8
3.5
3.7
3
2.8
2.6
2.4
2.4
2.2
2.4
2.2
2.2
2.2
3.5
4.3
3.7
4.5
3.2
2.8
2.6
2.4
4.5
4.3
3.7
5.9
3.9
3.2
2.8
2.8
3
3.9
3.2
2.6
2.4
2.4
2.2
3
9.8
6.6
6.4
5
4.5
3.7
3.2
10.4
11.3
6.4
6.4
5.2
4.3
3.7
3.5
2.8
2.6
2.4
3.2
8.8
6.4
4.1
3.7
3.7
3.2
7
6.6
4.1
3.2
3
3.2
3.5
2.6
2.4
2.2
2.2
2
2.8
2.2
2
2
2.4
2.6
2
2.4
2.4
2
2
2.4
2
2
2.2
1.8
1.8
1.8
2.4
2.2
2.2
4.3
2.2
1.8
1.7
1.5
2.2
2.8
1.8
1.8
1.8
2.6
2
2.4
2.2
1.8
2.2
2
1.8
2
5.2
4.5
3.9
2.6
2
1.7
1.7
2
1.7
1.5
1.5
2.2
1.7
1.7
2
1.7
2
1.8
3.5
3
2.2
2.2
3
3.9
3.5
2.8
2
2.2
3.2
3.7
3
2.2
2
1.8
1.7
1.7
2.4
1.7
1.7
1.7
1.7
2
2.6
2.8
2.2
1.7
1.7
1.7
1.7
1.5
1.5
1.3
1.3
1.5
1.7
2.4
2
1.8
1.7
1.7
1.5
1.5
1.5
1.5
1.5
1.5
1.3
1.3
1.5
1.8
1.9
2.3
1.9
1.8
1.6
1.5
1.4
1.4
1.5
1.5
1.5
1.3
1.3
1.3
5.5
9.1
5.3
4.4
3.4
2.8
2.4
2.1
2
2
1.8
1.9
1.7
1.6
2.9
2.2
1.7
1.6
1.5
1.5
1.5
2.2
2
1.5
1.6
1.5
1.5
1.3
1.4
1.4
1.3
1.4
1.7
1.5
1.5
1.3
1.4
13.7
15.3
14.5
8.6
6.5
5.2
5
4.1
3.6
3.5
3.3
2.9
2.8
2.8
23.8
15.3
9.2
7.1
5.7
5.4
4.5
4.6
5.3
14
17.8
22.9
19.6
14.5
12.5
9.1
7.6
6.3
5.5
5.2
5.1
5.4
6.3
6.3
5.9
5.2
5
5.1
5.5
5.1
5
4.9
4.5
4.1
4
4.1
4.1
3.6
5.2
12.5
14.7
17.5
10.2
7.5
6.6
10.4
28.1
27.5
21.5
20.9
17.8
12.2
9.6
8
7.1
6.8
6.2
5.9
5.6
5.2
5.6
5.4
5.1
5
5
6
5.7
5.3
5.3
5.9
9.8
8.7
27.2
25
16.7
18.6
17.9
13.3
13
12.4
11.1
10.5
8.7
7.6
6.9
6.4
5.6
5.2
5.2
4.7
4.9
7.6
6.8
5.8
4.7
4.1
3.8
3.5
3.1
3.4
3.5
3.4
3
2.8
2.6
2.4
2.4
2.4
2.4
5.9
14.6
28
11.4
9.6
9.2
7.8
6.4
7.3
11.8
8.7
6.6
16.9
17.1
9.9
7.4
6.2
5.6
10.7
11.3
7.1
5.8
5.1
4.8
4.5
4.1
4.1
3.8
4.5
4.1
3.7
4.4
24.4
10.2
7.9
25.6
14.5
11
7.6
6.5
6
5.6
5.1
4.6
4.3
4.1
4.2
4
3.6
3.6
3.3
3.1
3.7
11.3
5.7
4.3
3.9
4.8
4.5
3.9
3.6
4.1
3.6
3.6
3.4
3.1
2.8
2.8
2.5
2.6
4.2
3.4
3
2.8
2.8
2.6
2.6
2.7
3
2.6
2.5
2.6
2.8
2.4
2.9
2.8
3
2.8
3.1
2.7
2.6
2.7
2.7
2.5
2.6
2.4
2.3
2.3
2.2
2.3
3.3
6.9
6.8
3.7
3.5
2.7
2.4
11.2
4.8
7.4
14
5.6
7.6
18.2
9.7
6.1
6.3
10.8
6.5
4.8
4
3.4
3.2
3
2.7
2.6
3.1
2.6
16.7
10.9
7.9
5
4.8
20.2
13.9
7.3
5.6
4.8
4.6
4.2
4.4
4.4
3.9
3.9
11.4
32.1
14.4
10.5
8.8
6.6
15.6
17.8
19.4
17.1
15.9
11
8.7
7.9
13.6
9.9
16.9
30.1
21
14.5
10.6
8.7
7.7
6.8
6.4
5.8
5.4
5.1
4.9
9.1
10.4
6.6
5.3
5
4.7
4.3
4.3
4.3
4.2
4.1
3.8
3.7
3.6
3.3
3.4
3.3
2.9
3
2.8
3.1
5.1
13.4
6.6
5.3
4.4
4
3.7
3.6
3.4
3.2
3.1
3.5
3.4
3.3
2.9
2.8
2.6
2.6
2.5
2.4
2.4
3.4
2.7
2.4
2.3
2.2
2.2
2
2.3
2.3
2.3
2.3
2.2
2.1
2
2
2
1.8
1.3
1.4
1.4
1.6
1.9
1.9
1.9
1.9
1.9
2.4
3.4
6.3
9.5
5.1
4
3.4
3
2.7
2.4
2.3
2.4
2.6
2.6
2.4
2.4
2.2
2.1
2.4
2.1
2
2.1
2
2.3
2.7
2.7
2.7
2.4
2.9
4.6
4.1
3.6
3.2
3.1
5.1
6.1
7.1
8.3
7.1
15.8
16.4
12.4
15.2
12.7
10.7
7.8
6.4
5.6
5
4.9
4.3
3.9
3.9
3.8
3.6
3.4
3.1
3.1
3.2
3.1
3.4
6
7.8
6.9
6.4
7.3
13.1
16.6
13.9
12.1
11.6
10.3
9.7
8.4
7
6.3
5.7
5.3
5.2
5.9
7
18.3
19.8
34.3
21
14.1
14.2
11.3
9.6
7.9
7
6.4
6.8
6.8
6.7
6.7
6.9
6
5.7
5.5
6.9
12.1
13.8
8.6
6.8
5.9
5.5
5.2
4.9
4.4
4.2
4.1
4.3
5
4.5
4.2
7.3
5.9
6.7
7.3
7
6.6
15.1
28.4
23.3
11.4
8.2
6.7
7.5
6.7
6.3
5.8
5.8
5.1
10.1
16.2
8.7
18.4
11.4
10.1
12.4
8.6
6.9
6
5.5
4.9
4.9
4.8
4.5
4.2
4
3.6
3.3
3.5
3.1
2.7
6.2
4.3
3.7
3.4
4.4
3.9
4.5
4.4
3.2
6.8
6.5
19.7
22.2
26.9
10.9
7.4
5.9
5.1
4.8
4.6
4.2
5.5
4.9
5.1
10.8
7.5
5.1
4.3
4.6
5.5
4.6
6.3
4.7
4.5
3.8
3.7
3.4
3.2
3.1
3
3
3.2
3.5
3.2
3.6
3.7
3.6
3.2
2.8
2.8
2.7
2.5
2.6
2.6
2.6
2.6
2.9
2.9
2.8
2.3
5.4
22.4
16.2
6.5
4.4
4.8
3.8
3.2
6.3
13.5
14.1
5.5
4.3
3.7
3.2
2.8
2.5
2.2
2.7
2.9
3.6
3.1
2.6
11.4
25.5
7.7
5.3
5
3.8
3.8
3.3
3.3
3.4
25.6
16
14.6
8.5
6.4
5.6
4.9
4.4
4
3.7
3.4
3.5
3
2.9
3.8
3.6
3.1
2.8
2.8
2.8
2.6
2.7
4.1
12.5
5.3
4
3.1
3.2
3
2.7
2.5
2.3
2.3
2.7
2.8
2.4
2.3
2.2
2
2.2
2.2
2.1
1.9
2
1.8
1.9
1.9
1.9
1.9
1.8
1.7
1.9
1.9
1.7
1.9
1.8
1.8
1.7
1.9
2.6
1.9
1.9
2
2
2
1.8
1.8
1.7
1.4
1.3
1.6
1.4
1.5
2.7
3.9
7.3
3.5
2.9
3.4
3.2
2.9
3.6
3.1
3
2.5
2.6
2.6
2.3
2
2.6
4.6
4
3.3
3.3
4.6
4
3.3
2.4
2.2
2.7
2.8
2.5
2.4
2.6
2.7
2.5
2.6
2.4
2.3
2.3
2.4
2.4
2.1
2.4
2.4
2.3
2.3
2.2
2.4
2.6
2.7
2.7
2.6
2.4
2.4
2.3
2.1
2.2
2.2
2.1
2
4.5
5.7
4.1
3.9
3.7
6.4
9
6.2
5.1
4.4
3.9
7.6
10
7
6.3
5.6
4.3
3.3
3
2.9
5.6
10.4
20.2
17.6
10.2
8
7.6
6.2
5.5
25
30.9
27.1
26.3
17.3
26
25.6
25.4
21.5
14.9
13.5
11.8
10
8.2
7.2
6.8
6.4
8.5
17.6
30.1
49.6
35.9
21
15.9
13.2
11.3
9.9
9.2
8.7
7.8
7
6.6
5.9
5.8
5.5
5.3
5.2
5.1
5.2
5.4
5.2
5.1
5.5
12.1
22.3
12.7
28.6
25.8
32
25.5
21.1
16.1
13.9
11.4
10.4
11.1
15.5
18.3
13.1
11.3
10.6
10
9.3
12.5
13.7
17
15.2
12.9
12.5
25.4
20.5
14.3
12.2
12.5
12.3
12.5
20.1
13.7
10.3
9
8.6
7.7
7.3
8.3
7.1
6.6
7.1
10.6
9.7
13.5
11.8
8.6
7.4
6.2
5.7
5.4
6.2
18.4
19.5
12.1
8.9
7
9
10.4
11.8
7.3
6.5
6.4
6.5
6.1
5.3
4.7
4.4
4.3
4
4
5.4
4.4
3.9
3.7
3.5
3.4
3.5
3.7
3.3
3.2
3.4
3.9
3
2.8
3
3.2
4
5.2
5.9
24.3
18.9
7.7
6.8
6.1
6.6
6.8
5.1
4
3.9
5.4
5.3
4.4
3.7
4.9
4.8
3.9
3.5
3.2
2.9
3.3
4.8
4.2
3.3
3
2.8
2.7
3.6
3.7
4.4
3.4
2.8
3.3
3.9
3.1
2.7
2.6
3.3
2.8
2.7
2.4
2.4
2.4
2.3
2.2
2.2
2.3
2.4
2.5
2.2
7.1
3.3
2.2
2.3
2.3
2.5
1.9
1.8
2.5
1.9
2.3
1.9
1.8
3.6
3
3.3
2.5
5.6
5.9
3.5
2.7
2.4
2.3
2.9
4
3
2.5
2.3
2.3
2.2
3.4
2.7
2.1
1.8
1.8
1.9
2.2
2
2.9
2.1
2.5
2.8
2
1.8
1.7
2
1.9
2.1
2
1.8
1.8
1.8
1.9
1.9
2
3.1
3.5
8.2
7.5
5.2
3.6
2.8
2.4
2.2
2.1
1.8
1.8
1.5
1.5
1.4
1.2
1.2
1.2
1.5
2.2
2.2
2
3
3.4
2.1
2.3
2
1.9
2
2
1.8
1.7
1.6
1.6
1.5
1.4
1.4
1.4
1.7
1.4
1.9
1.5
1.5
1.7
6.6
4.9
3.4
3
5.7
8.7
7.9
5.7
5.4
4.7
3.8
3.2
2.8
2.4
2.4
2.3
5.3
4.5
4.9
5.1
7.9
6.4
6.1
5.1
4.4
3.6
3.4
3
2.7
2.4
2.5
2.4
2.1
2.1
2
2
1.7
1.8
1.9
1.8
1.6
1.7
1.5
1.3
1.5
1.4
1.5
1.5